8200 1001111000000000 1 7 0000 1 2 0 0000 0000
8201 1000000000000000 0 0 0000 0 0 0 0000 0000
0000 1001001000000011 1 1 0003 1 1 0 0000 0000
0001 0000001000000001 0 0 0000 0 0 0 0000 0000
0003 0001011001111001 1 3 FFFC 1 4 0 0000 0000
0004 0000110000000001 0 0 0000 0 0 0 0000 0000
0006 0001001011001001 1 1 FFF4 1 4 0 0000 0000
0007 0000100000000001 0 0 0000 0 0 0 0000 0000
0009 0001011011010011 1 3 0000 1 2 0 0000 0000
000A 0000010000000001 0 0 0000 0 0 0 0000 0000
000C 0001001011011001 1 1 0000 1 2 0 0000 0000
000D 0000101000000001 0 0 0000 0 0 0 0000 0000
000E 0000111000000001 0 0 0000 0 0 0 0000 0000
0010 0001101101000101 1 5 0000 1 2 0 0000 0000
0011 1111000011111111 1 7 0012 1 1 0 0000 0000
