8200 1001111000000000 1 7 0000 1 2 0 0000 0000
8201 1000000000000000 0 0 0000 0 0 0 0000 0000
0000 1111000011100000 1 7 0001 1 1 0 0000 0000
80E0 1001000000000000 1 0 0000 1 2 0 0000 0000
80E1 1101000111000000 1 0 C000 1 4 0 0000 0000
80E2 1001001010000000 1 1 0080 1 1 0 0000 0000
80E3 1001010001111100 1 2 007C 1 1 0 0000 0000
80E4 1001011000000000 1 3 0000 1 2 0 0000 0000
80E5 1001100000000000 1 4 0000 1 2 0 0000 0000
80E6 0101101011100001 1 5 0000 1 2 0 0000 0000
80E7 0101110100100001 1 6 0000 1 2 0 0000 0000
80E8 0101110101011110 1 6 0000 1 2 0 0000 0000
80E9 0000101000001100 0 0 0000 0 0 0 0000 0000
80EA 1001101010000000 1 5 0080 1 1 0 0000 0000
80EB 0001101101001011 1 5 0000 1 2 0 0000 0000
80EC 1001110000000100 1 6 0004 1 1 0 0000 0000
80ED 0001101101001110 1 5 0000 1 2 0 0000 0000
80EE 0001001100001110 1 1 0000 1 2 0 0000 0000
80EF 0001101001000101 1 5 0000 1 2 0 0000 0000
80F0 0001101000000101 1 5 C000 1 4 0 0000 0000
80F1 1001110000011111 1 6 001F 1 1 0 0000 0000
80F2 0111110101000000 0 0 0000 0 0 1 C000 001F
80F3 0111110101000001 0 0 0000 0 0 1 C001 001F
80F4 0111110101000010 0 0 0000 0 0 1 C002 001F
80F5 0111110101000011 0 0 0000 0 0 1 C003 001F
80F6 0001100100100001 1 4 0001 1 1 0 0000 0000
80F7 1001010010000000 1 2 0080 1 1 0 0000 0000
80F8 0010100010000010 0 0 0000 1 4 0 0000 0000
80F9 0000101111101100 0 0 0000 0 0 0 0000 0000
80E6 0101101011100001 1 5 0000 1 2 0 0000 0000
80E7 0101110100100001 1 6 0001 1 1 0 0000 0000
80E8 0101110101011110 1 6 0001 1 1 0 0000 0000
80E9 0000101000001100 0 0 0000 0 0 0 0000 0000
80F6 0001100100100001 1 4 0002 1 1 0 0000 0000
80F7 1001010010000000 1 2 0080 1 1 0 0000 0000
80F8 0010100010000010 0 0 0000 1 4 0 0000 0000
80F9 0000101111101100 0 0 0000 0 0 0 0000 0000
80E6 0101101011100001 1 5 0000 1 2 0 0000 0000
80E7 0101110100100001 1 6 0000 1 2 0 0000 0000
80E8 0101110101011110 1 6 0000 1 2 0 0000 0000
80E9 0000101000001100 0 0 0000 0 0 0 0000 0000
80EA 1001101010000000 1 5 0080 1 1 0 0000 0000
80EB 0001101101001011 1 5 0000 1 2 0 0000 0000
80EC 1001110000000100 1 6 0004 1 1 0 0000 0000
80ED 0001101101001110 1 5 0000 1 2 0 0000 0000
80EE 0001001100001110 1 1 0008 1 1 0 0000 0000
80EF 0001101001000101 1 5 0008 1 1 0 0000 0000
80F0 0001101000000101 1 5 C008 1 4 0 0000 0000
80F1 1001110000011111 1 6 001F 1 1 0 0000 0000
80F2 0111110101000000 0 0 0000 0 0 1 C008 001F
80F3 0111110101000001 0 0 0000 0 0 1 C009 001F
80F4 0111110101000010 0 0 0000 0 0 1 C00A 001F
80F5 0111110101000011 0 0 0000 0 0 1 C00B 001F
80F6 0001100100100001 1 4 0003 1 1 0 0000 0000
80F7 1001010010000000 1 2 0080 1 1 0 0000 0000
80F8 0010100010000010 0 0 0000 1 4 0 0000 0000
80F9 0000101111101100 0 0 0000 0 0 0 0000 0000
80E6 0101101011100001 1 5 0000 1 2 0 0000 0000
80E7 0101110100100001 1 6 0001 1 1 0 0000 0000
80E8 0101110101011110 1 6 0001 1 1 0 0000 0000
80E9 0000101000001100 0 0 0000 0 0 0 0000 0000
80F6 0001100100100001 1 4 0004 1 1 0 0000 0000
80F7 1001010010000000 1 2 0080 1 1 0 0000 0000
80F8 0010100010000010 0 0 0000 1 4 0 0000 0000
80F9 0000101111101100 0 0 0000 0 0 0 0000 0000
80E6 0101101011100001 1 5 0000 1 2 0 0000 0000
80E7 0101110100100001 1 6 0000 1 2 0 0000 0000
80E8 0101110101011110 1 6 0000 1 2 0 0000 0000
80E9 0000101000001100 0 0 0000 0 0 0 0000 0000
80EA 1001101010000000 1 5 0080 1 1 0 0000 0000
80EB 0001101101001011 1 5 0000 1 2 0 0000 0000
80EC 1001110000000100 1 6 0004 1 1 0 0000 0000
80ED 0001101101001110 1 5 0000 1 2 0 0000 0000
80EE 0001001100001110 1 1 0010 1 1 0 0000 0000
80EF 0001101001000101 1 5 0010 1 1 0 0000 0000
80F0 0001101000000101 1 5 C010 1 4 0 0000 0000
80F1 1001110000011111 1 6 001F 1 1 0 0000 0000
80F2 0111110101000000 0 0 0000 0 0 1 C010 001F
80F3 0111110101000001 0 0 0000 0 0 1 C011 001F
80F4 0111110101000010 0 0 0000 0 0 1 C012 001F
80F5 0111110101000011 0 0 0000 0 0 1 C013 001F
80F6 0001100100100001 1 4 0005 1 1 0 0000 0000
80F7 1001010010000000 1 2 0080 1 1 0 0000 0000
80F8 0010100010000010 0 0 0000 1 4 0 0000 0000
80F9 0000101111101100 0 0 0000 0 0 0 0000 0000
80E6 0101101011100001 1 5 0000 1 2 0 0000 0000
80E7 0101110100100001 1 6 0001 1 1 0 0000 0000
80E8 0101110101011110 1 6 0001 1 1 0 0000 0000
80E9 0000101000001100 0 0 0000 0 0 0 0000 0000
80F6 0001100100100001 1 4 0006 1 1 0 0000 0000
80F7 1001010010000000 1 2 0080 1 1 0 0000 0000
80F8 0010100010000010 0 0 0000 1 4 0 0000 0000
80F9 0000101111101100 0 0 0000 0 0 0 0000 0000
80E6 0101101011100001 1 5 0000 1 2 0 0000 0000
80E7 0101110100100001 1 6 0000 1 2 0 0000 0000
80E8 0101110101011110 1 6 0000 1 2 0 0000 0000
80E9 0000101000001100 0 0 0000 0 0 0 0000 0000
80EA 1001101010000000 1 5 0080 1 1 0 0000 0000
80EB 0001101101001011 1 5 0000 1 2 0 0000 0000
80EC 1001110000000100 1 6 0004 1 1 0 0000 0000
80ED 0001101101001110 1 5 0000 1 2 0 0000 0000
80EE 0001001100001110 1 1 0018 1 1 0 0000 0000
80EF 0001101001000101 1 5 0018 1 1 0 0000 0000
80F0 0001101000000101 1 5 C018 1 4 0 0000 0000
80F1 1001110000011111 1 6 001F 1 1 0 0000 0000
80F2 0111110101000000 0 0 0000 0 0 1 C018 001F
80F3 0111110101000001 0 0 0000 0 0 1 C019 001F
80F4 0111110101000010 0 0 0000 0 0 1 C01A 001F
80F5 0111110101000011 0 0 0000 0 0 1 C01B 001F
80F6 0001100100100001 1 4 0007 1 1 0 0000 0000
80F7 1001010010000000 1 2 0080 1 1 0 0000 0000
80F8 0010100010000010 0 0 0000 1 4 0 0000 0000
80F9 0000101111101100 0 0 0000 0 0 0 0000 0000
80E6 0101101011100001 1 5 0000 1 2 0 0000 0000
80E7 0101110100100001 1 6 0001 1 1 0 0000 0000
80E8 0101110101011110 1 6 0001 1 1 0 0000 0000
80E9 0000101000001100 0 0 0000 0 0 0 0000 0000
80F6 0001100100100001 1 4 0008 1 1 0 0000 0000
80F7 1001010010000000 1 2 0080 1 1 0 0000 0000
80F8 0010100010000010 0 0 0000 1 4 0 0000 0000
80F9 0000101111101100 0 0 0000 0 0 0 0000 0000
80E6 0101101011100001 1 5 0000 1 2 0 0000 0000
80E7 0101110100100001 1 6 0000 1 2 0 0000 0000
80E8 0101110101011110 1 6 0000 1 2 0 0000 0000
80E9 0000101000001100 0 0 0000 0 0 0 0000 0000
80EA 1001101010000000 1 5 0080 1 1 0 0000 0000
80EB 0001101101001011 1 5 0000 1 2 0 0000 0000
80EC 1001110000000100 1 6 0004 1 1 0 0000 0000
80ED 0001101101001110 1 5 0000 1 2 0 0000 0000
80EE 0001001100001110 1 1 0020 1 1 0 0000 0000
80EF 0001101001000101 1 5 0020 1 1 0 0000 0000
80F0 0001101000000101 1 5 C020 1 4 0 0000 0000
80F1 1001110000011111 1 6 001F 1 1 0 0000 0000
80F2 0111110101000000 0 0 0000 0 0 1 C020 001F
80F3 0111110101000001 0 0 0000 0 0 1 C021 001F
80F4 0111110101000010 0 0 0000 0 0 1 C022 001F
80F5 0111110101000011 0 0 0000 0 0 1 C023 001F
80F6 0001100100100001 1 4 0009 1 1 0 0000 0000
80F7 1001010010000000 1 2 0080 1 1 0 0000 0000
80F8 0010100010000010 0 0 0000 1 4 0 0000 0000
