8200 1001111000000000 1 7 0000 1 2 0 0000 0000
8201 1000000000000000 0 0 0000 0 0 0 0000 0000
0000 1001110000000001 1 6 0001 1 1 0 0000 0000
0001 0100100000000001 1 7 0002 1 1 0 0000 0000
0010 1001001000000000 1 1 0000 1 2 0 0000 0000
0011 1101001100100000 1 1 2000 1 1 0 0000 0000
0012 0110000001000000 1 0 000B 1 1 0 2000 000B
0013 1010001000101111 1 1 0000 1 2 0 0000 0000
0014 0101001001100001 1 1 0000 1 2 0 0000 0000
0015 1010010000101101 1 2 0000 1 2 0 0000 0000
0016 0101010010100001 1 2 0000 1 2 0 0000 0000
0017 1010011000101100 1 3 0000 1 2 0 0000 0000
0018 0101011011100001 1 3 0000 1 2 0 0000 0000
0019 1010100000101010 1 4 0000 1 2 0 0000 0000
001A 0101100100100001 1 4 0000 1 2 0 0000 0000
001B 0101101001011010 1 5 0000 1 2 0 0000 0000
001C 0101101101011011 1 5 0000 1 2 0 0000 0000
001D 0101101101011100 1 5 0000 1 2 0 0000 0000
001E 1010000000000001 1 0 0016 1 1 0 0000 0000
001F 0001000000000101 1 0 0016 1 1 0 0000 0000
0020 1001001000000000 1 1 0000 1 2 0 0000 0000
0021 1101001100100000 1 1 2000 1 1 0 0000 0000
0022 0111000001000000 0 0 0000 0 0 1 2000 0016
0023 0010000100000101 0 0 0000 1 1 0 0000 0000
0024 0000010000000010 0 0 0000 0 0 0 0000 0000
0025 0001110110100001 1 6 0002 1 1 0 0000 0000
0026 0000111111101001 0 0 0000 0 0 0 0000 0000
0010 1001001000000000 1 1 0000 1 2 0 0000 0000
0011 1101001100100000 1 1 2000 1 1 0 0000 0000
0012 0110000001000000 1 0 0016 1 1 0 2000 0016
0013 1010001000101111 1 1 0000 1 2 0 0000 0000
0014 0101001001100001 1 1 0000 1 2 0 0000 0000
0015 1010010000101101 1 2 0000 1 2 0 0000 0000
0016 0101010010100001 1 2 0000 1 2 0 0000 0000
0017 1010011000101100 1 3 0000 1 2 0 0000 0000
0018 0101011011100001 1 3 0000 1 2 0 0000 0000
0019 1010100000101010 1 4 0000 1 2 0 0000 0000
001A 0101100100100001 1 4 0000 1 2 0 0000 0000
001B 0101101001011010 1 5 0000 1 2 0 0000 0000
001C 0101101101011011 1 5 0000 1 2 0 0000 0000
001D 0101101101011100 1 5 0000 1 2 0 0000 0000
001E 1010000000000001 1 0 002C 1 1 0 0000 0000
001F 0001000000000101 1 0 002C 1 1 0 0000 0000
0020 1001001000000000 1 1 0000 1 2 0 0000 0000
0021 1101001100100000 1 1 2000 1 1 0 0000 0000
0022 0111000001000000 0 0 0000 0 0 1 2000 002C
0023 0010000100000101 0 0 0000 1 1 0 0000 0000
0024 0000010000000010 0 0 0000 0 0 0 0000 0000
0025 0001110110100001 1 6 0003 1 1 0 0000 0000
0026 0000111111101001 0 0 0000 0 0 0 0000 0000
0010 1001001000000000 1 1 0000 1 2 0 0000 0000
0011 1101001100100000 1 1 2000 1 1 0 0000 0000
0012 0110000001000000 1 0 002C 1 1 0 2000 002C
0013 1010001000101111 1 1 0000 1 2 0 0000 0000
0014 0101001001100001 1 1 0000 1 2 0 0000 0000
0015 1010010000101101 1 2 0000 1 2 0 0000 0000
0016 0101010010100001 1 2 0000 1 2 0 0000 0000
0017 1010011000101100 1 3 0000 1 2 0 0000 0000
0018 0101011011100001 1 3 0000 1 2 0 0000 0000
0019 1010100000101010 1 4 0000 1 2 0 0000 0000
001A 0101100100100001 1 4 0000 1 2 0 0000 0000
001B 0101101001011010 1 5 0000 1 2 0 0000 0000
001C 0101101101011011 1 5 0000 1 2 0 0000 0000
001D 0101101101011100 1 5 0000 1 2 0 0000 0000
001E 1010000000000001 1 0 0058 1 1 0 0000 0000
001F 0001000000000101 1 0 0058 1 1 0 0000 0000
0020 1001001000000000 1 1 0000 1 2 0 0000 0000
0021 1101001100100000 1 1 2000 1 1 0 0000 0000
0022 0111000001000000 0 0 0000 0 0 1 2000 0058
0023 0010000100000101 0 0 0000 1 1 0 0000 0000
0024 0000010000000010 0 0 0000 0 0 0 0000 0000
0025 0001110110100001 1 6 0004 1 1 0 0000 0000
0026 0000111111101001 0 0 0000 0 0 0 0000 0000
0010 1001001000000000 1 1 0000 1 2 0 0000 0000
0011 1101001100100000 1 1 2000 1 1 0 0000 0000
0012 0110000001000000 1 0 0058 1 1 0 2000 0058
0013 1010001000101111 1 1 0000 1 2 0 0000 0000
0014 0101001001100001 1 1 0000 1 2 0 0000 0000
0015 1010010000101101 1 2 0000 1 2 0 0000 0000
0016 0101010010100001 1 2 0000 1 2 0 0000 0000
0017 1010011000101100 1 3 0000 1 2 0 0000 0000
0018 0101011011100001 1 3 0000 1 2 0 0000 0000
0019 1010100000101010 1 4 0000 1 2 0 0000 0000
001A 0101100100100001 1 4 0000 1 2 0 0000 0000
001B 0101101001011010 1 5 0000 1 2 0 0000 0000
001C 0101101101011011 1 5 0000 1 2 0 0000 0000
