8200 1001111000000000 1 7 0000 1 2 0 0000 0000
8201 1000000000000000 0 0 0000 0 0 0 0000 0000
0000 1111000000100000 1 7 0001 1 1 0 0000 0000
8020 1001011000000000 1 3 0000 1 2 0 0000 0000
8021 1101011110100000 1 3 A000 1 4 0 0000 0000
8022 1001100000000010 1 4 0002 1 1 0 0000 0000
8023 0111100011000000 0 0 0000 0 0 1 A000 0002
8024 0110010011000000 1 2 0002 1 1 0 A000 0002
8025 0000001000000001 0 0 0000 0 0 0 0000 0000
8027 1000000000000000 0 0 0000 0 0 0 0000 0000
0001 1001101000000000 1 5 0000 1 2 0 0000 0000
0002 1101101110100000 1 5 A000 1 4 0 0000 0000
