8200 1001000011001000 1 0 00C8 1 1 0 0000 0000
8201 1001001000001010 1 1 000A 1 1 0 0000 0000
8202 1101001111111110 1 1 FE0A 1 4 0 0000 0000
8203 0111000001000000 0 0 0000 0 0 1 FE0A 00C8
8204 1001111000000000 1 7 0000 1 2 0 0000 0000
8205 1000000000000000 0 0 0000 0 0 0 0000 0000
0000 1001000000000001 1 0 0001 1 1 0 0000 0000
0001 1001011000000000 1 3 0000 1 2 0 0000 0000
0002 1101011101000000 1 3 4000 1 1 0 0000 0000
0003 1001110000000010 1 6 0002 1 1 0 0000 0000
0004 0010000100010100 0 0 0000 1 4 0 0000 0000
0005 0000001000001110 0 0 0000 0 0 0 0000 0000
0006 0100100000000001 1 7 0007 1 1 0 0000 0000
0010 0001001000100001 1 1 0002 1 1 0 0000 0000
0011 0001010001001000 1 2 0002 1 1 0 0000 0000
0012 0001010010011110 1 2 0001 1 1 0 0000 0000
0013 1100000111000000 0 0 0000 0 0 0 0000 0000
0007 0111010011000000 0 0 0000 0 0 1 4000 0001
0008 0001000000100001 1 0 0002 1 1 0 0000 0000
0009 0001011011100001 1 3 4001 1 1 0 0000 0000
000A 1100111111111001 0 0 0000 0 0 0 0000 0000
0004 0010000100010100 0 0 0000 1 4 0 0000 0000
0005 0000001000001110 0 0 0000 0 0 0 0000 0000
0006 0100100000000001 1 7 0007 1 1 0 0000 0000
0010 0001001000100001 1 1 0003 1 1 0 0000 0000
0011 0001010001001000 1 2 0006 1 1 0 0000 0000
0012 0001010010011110 1 2 0003 1 1 0 0000 0000
0013 1100000111000000 0 0 0000 0 0 0 0000 0000
0007 0111010011000000 0 0 0000 0 0 1 4001 0003
0008 0001000000100001 1 0 0003 1 1 0 0000 0000
0009 0001011011100001 1 3 4002 1 1 0 0000 0000
000A 1100111111111001 0 0 0000 0 0 0 0000 0000
0004 0010000100010100 0 0 0000 1 4 0 0000 0000
0005 0000001000001110 0 0 0000 0 0 0 0000 0000
0006 0100100000000001 1 7 0007 1 1 0 0000 0000
0010 0001001000100001 1 1 0004 1 1 0 0000 0000
0011 0001010001001000 1 2 000C 1 1 0 0000 0000
0012 0001010010011110 1 2 0006 1 1 0 0000 0000
0013 1100000111000000 0 0 0000 0 0 0 0000 0000
0007 0111010011000000 0 0 0000 0 0 1 4002 0006
0008 0001000000100001 1 0 0004 1 1 0 0000 0000
0009 0001011011100001 1 3 4003 1 1 0 0000 0000
000A 1100111111111001 0 0 0000 0 0 0 0000 0000
0004 0010000100010100 0 0 0000 1 4 0 0000 0000
0005 0000001000001110 0 0 0000 0 0 0 0000 0000
0006 0100100000000001 1 7 0007 1 1 0 0000 0000
0010 0001001000100001 1 1 0005 1 1 0 0000 0000
0011 0001010001001000 1 2 0014 1 1 0 0000 0000
0012 0001010010011110 1 2 000A 1 1 0 0000 0000
0013 1100000111000000 0 0 0000 0 0 0 0000 0000
0007 0111010011000000 0 0 0000 0 0 1 4003 000A
0008 0001000000100001 1 0 0005 1 1 0 0000 0000
0009 0001011011100001 1 3 4004 1 1 0 0000 0000
000A 1100111111111001 0 0 0000 0 0 0 0000 0000
0004 0010000100010100 0 0 0000 1 4 0 0000 0000
0005 0000001000001110 0 0 0000 0 0 0 0000 0000
0006 0100100000000001 1 7 0007 1 1 0 0000 0000
0010 0001001000100001 1 1 0006 1 1 0 0000 0000
0011 0001010001001000 1 2 001E 1 1 0 0000 0000
0012 0001010010011110 1 2 000F 1 1 0 0000 0000
0013 1100000111000000 0 0 0000 0 0 0 0000 0000
0007 0111010011000000 0 0 0000 0 0 1 4004 000F
0008 0001000000100001 1 0 0006 1 1 0 0000 0000
0009 0001011011100001 1 3 4005 1 1 0 0000 0000
000A 1100111111111001 0 0 0000 0 0 0 0000 0000
0004 0010000100010100 0 0 0000 1 4 0 0000 0000
0005 0000001000001110 0 0 0000 0 0 0 0000 0000
0006 0100100000000001 1 7 0007 1 1 0 0000 0000
0010 0001001000100001 1 1 0007 1 1 0 0000 0000
0011 0001010001001000 1 2 002A 1 1 0 0000 0000
0012 0001010010011110 1 2 0015 1 1 0 0000 0000
0013 1100000111000000 0 0 0000 0 0 0 0000 0000
0007 0111010011000000 0 0 0000 0 0 1 4005 0015
0008 0001000000100001 1 0 0007 1 1 0 0000 0000
0009 0001011011100001 1 3 4006 1 1 0 0000 0000
000A 1100111111111001 0 0 0000 0 0 0 0000 0000
0004 0010000100010100 0 0 0000 1 4 0 0000 0000
0005 0000001000001110 0 0 0000 0 0 0 0000 0000
0006 0100100000000001 1 7 0007 1 1 0 0000 0000
0010 0001001000100001 1 1 0008 1 1 0 0000 0000
0011 0001010001001000 1 2 0038 1 1 0 0000 0000
0012 0001010010011110 1 2 001C 1 1 0 0000 0000
0013 1100000111000000 0 0 0000 0 0 0 0000 0000
0007 0111010011000000 0 0 0000 0 0 1 4006 001C
0008 0001000000100001 1 0 0008 1 1 0 0000 0000
0009 0001011011100001 1 3 4007 1 1 0 0000 0000
000A 1100111111111001 0 0 0000 0 0 0 0000 0000
0004 0010000100010100 0 0 0000 1 4 0 0000 0000
0005 0000001000001110 0 0 0000 0 0 0 0000 0000
0006 0100100000000001 1 7 0007 1 1 0 0000 0000
0010 0001001000100001 1 1 0009 1 1 0 0000 0000
0011 0001010001001000 1 2 0048 1 1 0 0000 0000
0012 0001010010011110 1 2 0024 1 1 0 0000 0000
0013 1100000111000000 0 0 0000 0 0 0 0000 0000
0007 0111010011000000 0 0 0000 0 0 1 4007 0024
0008 0001000000100001 1 0 0009 1 1 0 0000 0000
0009 0001011011100001 1 3 4008 1 1 0 0000 0000
000A 1100111111111001 0 0 0000 0 0 0 0000 0000
0004 0010000100010100 0 0 0000 1 4 0 0000 0000
0005 0000001000001110 0 0 0000 0 0 0 0000 0000
0006 0100100000000001 1 7 0007 1 1 0 0000 0000
0010 0001001000100001 1 1 000A 1 1 0 0000 0000
0011 0001010001001000 1 2 005A 1 1 0 0000 0000
0012 0001010010011110 1 2 002D 1 1 0 0000 0000
0013 1100000111000000 0 0 0000 0 0 0 0000 0000
0007 0111010011000000 0 0 0000 0 0 1 4008 002D
0008 0001000000100001 1 0 000A 1 1 0 0000 0000
0009 0001011011100001 1 3 4009 1 1 0 0000 0000
000A 1100111111111001 0 0 0000 0 0 0 0000 0000
0004 0010000100010100 0 0 0000 1 4 0 0000 0000
0005 0000001000001110 0 0 0000 0 0 0 0000 0000
0006 0100100000000001 1 7 0007 1 1 0 0000 0000
0010 0001001000100001 1 1 000B 1 1 0 0000 0000
0011 0001010001001000 1 2 006E 1 1 0 0000 0000
0012 0001010010011110 1 2 0037 1 1 0 0000 0000
0013 1100000111000000 0 0 0000 0 0 0 0000 0000
0007 0111010011000000 0 0 0000 0 0 1 4009 0037
0008 0001000000100001 1 0 000B 1 1 0 0000 0000
0009 0001011011100001 1 3 400A 1 1 0 0000 0000
000A 1100111111111001 0 0 0000 0 0 0 0000 0000
0004 0010000100010100 0 0 0000 1 4 0 0000 0000
0005 0000001000001110 0 0 0000 0 0 0 0000 0000
0006 0100100000000001 1 7 0007 1 1 0 0000 0000
0010 0001001000100001 1 1 000C 1 1 0 0000 0000
0011 0001010001001000 1 2 0084 1 1 0 0000 0000
0012 0001010010011110 1 2 0042 1 1 0 0000 0000
0013 1100000111000000 0 0 0000 0 0 0 0000 0000
0007 0111010011000000 0 0 0000 0 0 1 400A 0042
0008 0001000000100001 1 0 000C 1 1 0 0000 0000
0009 0001011011100001 1 3 400B 1 1 0 0000 0000
000A 1100111111111001 0 0 0000 0 0 0 0000 0000
0004 0010000100010100 0 0 0000 1 4 0 0000 0000
0005 0000001000001110 0 0 0000 0 0 0 0000 0000
0006 0100100000000001 1 7 0007 1 1 0 0000 0000
0010 0001001000100001 1 1 000D 1 1 0 0000 0000
0011 0001010001001000 1 2 009C 1 1 0 0000 0000
0012 0001010010011110 1 2 004E 1 1 0 0000 0000
0013 1100000111000000 0 0 0000 0 0 0 0000 0000
0007 0111010011000000 0 0 0000 0 0 1 400B 004E
0008 0001000000100001 1 0 000D 1 1 0 0000 0000
0009 0001011011100001 1 3 400C 1 1 0 0000 0000
000A 1100111111111001 0 0 0000 0 0 0 0000 0000
0004 0010000100010100 0 0 0000 1 4 0 0000 0000
0005 0000001000001110 0 0 0000 0 0 0 0000 0000
0006 0100100000000001 1 7 0007 1 1 0 0000 0000
0010 0001001000100001 1 1 000E 1 1 0 0000 0000
0011 0001010001001000 1 2 00B6 1 1 0 0000 0000
0012 0001010010011110 1 2 005B 1 1 0 0000 0000
0013 1100000111000000 0 0 0000 0 0 0 0000 0000
0007 0111010011000000 0 0 0000 0 0 1 400C 005B
0008 0001000000100001 1 0 000E 1 1 0 0000 0000
0009 0001011011100001 1 3 400D 1 1 0 0000 0000
000A 1100111111111001 0 0 0000 0 0 0 0000 0000
0004 0010000100010100 0 0 0000 1 4 0 0000 0000
0005 0000001000001110 0 0 0000 0 0 0 0000 0000
0006 0100100000000001 1 7 0007 1 1 0 0000 0000
0010 0001001000100001 1 1 000F 1 1 0 0000 0000
0011 0001010001001000 1 2 00D2 1 1 0 0000 0000
0012 0001010010011110 1 2 0069 1 1 0 0000 0000
0013 1100000111000000 0 0 0000 0 0 0 0000 0000
0007 0111010011000000 0 0 0000 0 0 1 400D 0069
0008 0001000000100001 1 0 000F 1 1 0 0000 0000
0009 0001011011100001 1 3 400E 1 1 0 0000 0000
000A 1100111111111001 0 0 0000 0 0 0 0000 0000
0004 0010000100010100 0 0 0000 1 4 0 0000 0000
0005 0000001000001110 0 0 0000 0 0 0 0000 0000
0006 0100100000000001 1 7 0007 1 1 0 0000 0000
0010 0001001000100001 1 1 0010 1 1 0 0000 0000
0011 0001010001001000 1 2 00F0 1 1 0 0000 0000
0012 0001010010011110 1 2 0078 1 1 0 0000 0000
0013 1100000111000000 0 0 0000 0 0 0 0000 0000
0007 0111010011000000 0 0 0000 0 0 1 400E 0078
0008 0001000000100001 1 0 0010 1 1 0 0000 0000
0009 0001011011100001 1 3 400F 1 1 0 0000 0000
000A 1100111111111001 0 0 0000 0 0 0 0000 0000
0004 0010000100010100 0 0 0000 1 4 0 0000 0000
0005 0000001000001110 0 0 0000 0 0 0 0000 0000
0006 0100100000000001 1 7 0007 1 1 0 0000 0000
0010 0001001000100001 1 1 0011 1 1 0 0000 0000
0011 0001010001001000 1 2 0110 1 1 0 0000 0000
0012 0001010010011110 1 2 0088 1 1 0 0000 0000
0013 1100000111000000 0 0 0000 0 0 0 0000 0000
0007 0111010011000000 0 0 0000 0 0 1 400F 0088
0008 0001000000100001 1 0 0011 1 1 0 0000 0000
0009 0001011011100001 1 3 4010 1 1 0 0000 0000
000A 1100111111111001 0 0 0000 0 0 0 0000 0000
0004 0010000100010100 0 0 0000 1 4 0 0000 0000
0005 0000001000001110 0 0 0000 0 0 0 0000 0000
0006 0100100000000001 1 7 0007 1 1 0 0000 0000
0010 0001001000100001 1 1 0012 1 1 0 0000 0000
0011 0001010001001000 1 2 0132 1 1 0 0000 0000
0012 0001010010011110 1 2 0099 1 1 0 0000 0000
0013 1100000111000000 0 0 0000 0 0 0 0000 0000
0007 0111010011000000 0 0 0000 0 0 1 4010 0099
0008 0001000000100001 1 0 0012 1 1 0 0000 0000
0009 0001011011100001 1 3 4011 1 1 0 0000 0000
000A 1100111111111001 0 0 0000 0 0 0 0000 0000
0004 0010000100010100 0 0 0000 1 4 0 0000 0000
0005 0000001000001110 0 0 0000 0 0 0 0000 0000
0006 0100100000000001 1 7 0007 1 1 0 0000 0000
0010 0001001000100001 1 1 0013 1 1 0 0000 0000
0011 0001010001001000 1 2 0156 1 1 0 0000 0000
0012 0001010010011110 1 2 00AB 1 1 0 0000 0000
0013 1100000111000000 0 0 0000 0 0 0 0000 0000
0007 0111010011000000 0 0 0000 0 0 1 4011 00AB
0008 0001000000100001 1 0 0013 1 1 0 0000 0000
0009 0001011011100001 1 3 4012 1 1 0 0000 0000
000A 1100111111111001 0 0 0000 0 0 0 0000 0000
0004 0010000100010100 0 0 0000 1 4 0 0000 0000
0005 0000001000001110 0 0 0000 0 0 0 0000 0000
0006 0100100000000001 1 7 0007 1 1 0 0000 0000
0010 0001001000100001 1 1 0014 1 1 0 0000 0000
0011 0001010001001000 1 2 017C 1 1 0 0000 0000
0012 0001010010011110 1 2 00BE 1 1 0 0000 0000
0013 1100000111000000 0 0 0000 0 0 0 0000 0000
0007 0111010011000000 0 0 0000 0 0 1 4012 00BE
0008 0001000000100001 1 0 0014 1 1 0 0000 0000
0009 0001011011100001 1 3 4013 1 1 0 0000 0000
000A 1100111111111001 0 0 0000 0 0 0 0000 0000
0004 0010000100010100 0 0 0000 1 2 0 0000 0000
0005 0000001000001110 0 0 0000 0 0 0 0000 0000
0006 0100100000000001 1 7 0007 1 1 0 0000 0000
0010 0001001000100001 1 1 0015 1 1 0 0000 0000
0011 0001010001001000 1 2 01A4 1 1 0 0000 0000
0012 0001010010011110 1 2 00D2 1 1 0 0000 0000
0013 1100000111000000 0 0 0000 0 0 0 0000 0000
0007 0111010011000000 0 0 0000 0 0 1 4013 00D2
0008 0001000000100001 1 0 0015 1 1 0 0000 0000
0009 0001011011100001 1 3 4014 1 1 0 0000 0000
000A 1100111111111001 0 0 0000 0 0 0 0000 0000
0004 0010000100010100 0 0 0000 1 1 0 0000 0000
0005 0000001000001110 0 0 0000 0 0 0 0000 0000
0014 1111000011111111 1 7 0015 1 1 0 0000 0000
